27001
47061
19034
35216
31889
9059
11532
39466
10621
1303
31482
12925
37424
25295
63406
1648
7473
46398
17238
2078
32109
49431
63176
47960
57006
31177
2920
57114
10591
22478
32521
64809
29252
22967
42537
46951
61156
11894
58138
23024
47771
28051
61033
12044
31843
61250
42835
53389
34575
14034
39284
40879
26262
58825
21125
13084
21046
35314
1785
55487
40442
1105
21021
53430
52170
48891
32019
7724
7610
60534
17130
19611
46714
57460
36458
20990
10793
72
62291
27441
30542
56540
24514
62792
24115
20781
40639
34680
61855
21303
8576
64302
38995
55829
13704
21964
61416
28489
22763
16148
37103
53983
65458
37674
26322
28284
33850
52522
34092
4851
35897
16962
21832
53931
15277
4821
60064
26991
43462
8722
57740
64560
12625
31431
37234
35177
6401
7122
39032
57591
22551
61109
62405
43312
50148
32869
24955
55940
2673
14073
45705
15235
35010
4016
52979
4380
16278
13984
26890
14884
4828
61037
61436
56962
48669
37024
4575
20819
52674
57703
44489
40705
49560
22848
12541
56317
48091
24381
3115
52139
47183
5360
55339
2232
56256
19474
23000
58629
38240
27670
25614
45026
54109
31937
31368
43412
45764
43401
33150
23395
51957
29061
64026
20473
26132
20424
41970
49404
48514
4655
34094
139
14853
53033
38693
30756
1805
38989
47369
38572
13817
44418
16203
1223
42221
15845
63903
50751
48155
15883
60519
26752
28442
47522
8723
7668
19940
24196
57009
19486
36096
2978
28961
873
62974
36061
47884
31614
35695
41010
2084
45625
11747
3797
47106
56855
50336
22572
45241
31616
54452
54123
15554
20164
15991
39124
25154
65414
13335
11280
34068
46491
48736
8016
11691
57193
7976
31199
40527
36593
38274
63010
52035
28962
61121
29029
47790
39622
37669
38221
921
21550
32173
42414
27037
51266
40573
59377
37265
25000
20100
41389
48349
37128
46142
44193
59701
22205
46145
62756
50067
57458
26535
26545
33792
50341
11741
16560
3485
21261
37358
59708
61570
17829
9335
31385
6858
4835
36404
15025
59585
45751
58061
23686
45775
54631
15213
41490
8107
6618
60447
10306
9229
34831
232
19269
19300
33077
53173
47135
20620
2299
15707
4630
12145
6013
13726
7601
16824
57649
56228
55761
3816
20057
10349
59376
46279
22072
17317
55701
64556
32680
36603
34801
45789
20801
32998
18105
61675
10989
24708
12741
53569
35337
17381
53498
30299
35900
23706
1348
10059
7209
22081
30261
60133
19066
63425
16560
24792
11664
13611
19953
8142
16054
48313
48527
38243
38210
51394
3843
7802
58113
39371
65061
46370
33192
39495
15346
25186
51974
28817
41057
28347
62995
32339
5385
47582
42294
50706
8502
26980
38693
25466
43306
19792
42858
41014
31138
37024
42585
55558
41167
341
63029
29917
17648
63443
15577
60584
43217
34322
35407
36389
52708
36197
52812
12640
46308
60089
21456
28318
38628
28214
48226
7408
43996
31193
57139
36748
44890
11146
19504
27791
29222
63521
35913
19048
28362
48845
40632
60614
45335
7323
31630
56894
64625
14257
26144
54169
11243
16021
45730
18597
24657
27291
61820
55156
60833
49840
40125
6498
47376
1643
53542
20602
7440
50647
63595
32509
38923
33272
50707
64797
52944
57866
30704
35283
29560
17119
59029
30270
48878
44612
54799
2671
38022
14463
58238
64037
30323
51191
58657
32563
58828
59192
8352
63753
818
51651
10927
15519
35968
35145
58363
47383
4731
36994
60936
23221
17721
31726
14145
31504
61842
38090
15478
63833
4933
43140
14179
50174
45323
60514
18968
7321
61382
64233
30297
54161
27252
48250
49788
47431
52270
16215
50006
55854
29159
33403
4224
35161
27076
62315
9754
13492
3948
40653
24866
59101
15943
44830
6688
53125
13896
63991
10541
15252
56294
52185
7863
54628
37539
29143
16894
35444
6421
55543
33134
64029
12312
63988
17872
14240
33531
15953
57420
1055
60966
65306
45118
31390
31618
9898
16826
45940
61837
43968
27630
54745
49737
27930
51229
51127
17424
8179
58011
34222
3568
53719
63368
45574
56873
36019
22763
6306
51603
11235
15366
29444
26784
26646
23495
18801
104
42635
57177
16480
7714
40078
18721
49944
65471
23252
58684
53393
22322
43808
35427
44569
15863
48663
21874
38559
29994
13694
60147
50555
41755
28801
21324
52023
4886
19006
37243
14693
26153
61253
600
56168
40347
6826
34544
54345
20561
36763
41059
47281
46414
30436
25217
44789
23973
61666
27928
37207
2313
35412
42475
16145
24822
50570
61391
43806
43065
55198
37328
45778
34550
27539
60502
30169
10039
24726
48674
23539
21186
20171
57300
28283
21010
15344
36528
25392
62579
30730
12052
5765
37999
38823
45159
7390
43110
65070
18360
5908
44893
19533
10210
7774
9285
18052
54859
41438
53312
45763
7752
41848
62735
9184
56088
17888
40504
25374
34218
59885
6048
60578
55359
47250
23969
57495
57923
59583
901
37197
35711
34778
56207
64483
613
12297
54799
38547
42648
17446
28017
57934
13043
52574
18931
38613
49480
30025
62253
25958
35483
51211
44529
39060
20550
38941
29798
1066
14927
10167
6990
6225
50362
30205
41920
41978
28059
32567
49940
7618
6171
25230
19797
46263
10720
42139
18280
5495
61547
20353
30638
45277
51093
38581
48243
28993
14650
12589
51431
34697
5380
36798
6812
17156
34287
57919
37858
33696
60992
60347
41501
7863
53821
36815
52140
45211
6705
55514
60970
37317
15807
47773
64876
37549
35070
48873
15419
26392
12323
1366
23442
17719
42041
60041
47660
49262
60266
23301
55054
47063
15747
20447
33854
50895
61960
29730
15816
53107
52379
10189
23097
21830
53005
25578
22445
42508
6662
49664
63789
35374
48786
41700
1529
332
10190
9557
30112
40109
27912
65213
31393
23820
9714
65390
59417
44351
33847
62192
47093
37960
33943
62319
15448
35175
1278
12500
43759
18493
49687
36666
63928
33756
32049
35076
23736
41650
26466
3505
27008
37840
274
64330
60001
62866
49517
37826
38429
59177
28745
28024
11223
1902
19097
50516
15508
62672
63084
27856
13705
37251
25415
26187
61340
58710
59223
26865
10836
37209
60680
15173
23099
55728
4100
2671
9632
38172
38940
33992
50635
12475
21651
41594
24526
5954
14140
16109
50625
28097
64687
13383
4432
21278
14794
50909
12716
52039
24475
17436
799
47478
33010
42658
25645
54989
47467
27446
11613
20790
8286
3854
3063
43843
54095
43746
16213
